 uid    day  dur_s closes grip_max lift_cm z_rel_cm pick_like
 110  12-15   14.4      1     90.9    17.9     17.3      True
 111  12-15   14.7      1     89.1    19.2     16.8      True
 112  12-15   12.1      1     91.1    16.9     18.1      True
 113  12-16   83.6      2    100.6    23.7     22.8      True
 114  12-16   46.2      0    100.2     0.0     None     False
 115  12-16   48.1      0      0.0     0.0     None     False
 116  12-16   42.2      0      0.0     0.0     None     False
 118  12-16   34.1      2    100.8    21.3     20.7      True
 119  12-16   16.6      0      0.0     0.0     None     False
 120  12-16   75.9      3     90.0    23.8     20.2      True
 121  12-16   27.1      2    100.3    20.5     21.2      True
 122   None   21.3      1     86.6    18.9     17.5      True
 123  12-16   68.2      2     83.8    15.7      0.9      True
 124  12-16   26.2      1     61.5    17.6     18.1      True
 125  12-16   87.2      3     98.3    14.5     19.3      True
 126  12-16   25.7      1     86.6    20.9     18.9      True
 128  12-16   34.5      2     88.0    16.6     19.3      True
 129  12-16   28.5      1     87.0    19.9     16.0      True
 130  12-16   26.2      1     88.4    17.5     21.7      True
 131  12-16   29.4      1     88.4    19.9     16.5      True
 132  12-16   36.3      2     86.6    18.4     16.1      True
 133  12-16   12.1      0      0.1     0.0     None     False
 134  12-16   22.9      0      0.1     0.0     None     False
 135  12-16   32.8      0      0.0     0.0     None     False
 136  12-16   21.9      0      0.0     0.0     None     False
 137  12-16   39.2      1     89.8    18.9     17.8      True
 138  12-16   62.0      2    100.7    17.1     19.4      True
 139  12-16   37.9      2     94.0    19.2     20.5      True
 140  12-16   27.6      1     66.9    21.9     20.2      True
 141  12-16   37.2      1     83.5    26.7     18.5      True
 142  12-16  103.5      0      0.5     0.0     None     False
 143  12-16   89.8      2     67.0    17.3     22.1      True
 144  12-16  112.7      2     79.1    16.5     19.1      True
 145  12-16  122.0      1     87.3    25.2     21.8      True
 146   None   31.6      1     73.6    25.6     20.3      True
 147  12-16   55.0      2    100.5     0.0      2.8     False
 148  12-16   70.1      2     83.1    23.8     19.0      True
 149  12-16   34.8      2     90.5    24.3     22.8      True
 150  12-16   28.9      1    100.7     9.6     16.0      True
 151  12-16   34.7      2     89.0    18.7     16.3      True
 152  12-16   20.2      2     84.2     0.0     12.8     False
 153  12-16   30.9      3     76.7    18.5     22.7      True
 154  12-16   25.8      2     93.8    20.0     23.5      True
 155  12-16   50.2      3     90.2    30.4     32.4      True
 156   None  108.8      3    100.6    21.9     17.9      True
 157  12-16   34.7      2    100.5    26.2     19.2      True
 158  12-16   30.8      2     73.4    18.2     18.2      True
 159  12-16   43.8      3     67.2     4.9     11.6     False
 160  12-16   36.0      2    100.6    18.0     21.9      True
 161  12-16   44.6      3     91.8    16.5     19.8      True
 162  12-16   29.4      1     65.6    21.4     16.5      True
 163  12-16   52.7      1     83.3     0.0     59.3     False
 164  12-16   41.5      1     75.9    24.6     24.6      True
 165  12-16   28.5      1    100.5    23.7     20.1      True
 166  12-16   33.8      3     90.9    26.3     19.6      True
 167  12-16   40.0      2     89.8    23.6     18.8      True
 168  12-16   24.2      2    100.6    17.5     16.5      True
 169  12-16   31.4      2     95.6    20.8     19.2      True
 170  12-16   70.9      3     81.4    18.6     16.7      True
 171  12-16   36.8      2     73.7    19.1     19.9      True
 172  12-16   23.4      1     68.6    18.5     20.1      True
 173  12-16   28.4      2     88.4    19.2     19.9      True
 174  12-16   50.0      2     90.5    22.9     19.2      True
 175  12-16   41.5      1    100.5    29.2     20.1      True
 176  12-16   49.6      2     88.8    22.5     20.4      True
 177  12-16   75.5      3    100.6    20.7     19.6      True
 178  12-16   34.4      0      2.5     0.0     None     False
 179   None   31.7      1     75.2    22.7     21.6      True
 180  12-16   19.1      1     87.6    17.4     20.8      True
 181   None   22.7      2     91.7    24.2     25.3      True
 182  12-17   95.8      7    101.3     4.9      7.0     False
 183  12-17   59.3      2     64.5    18.6     19.1      True
 184  12-17   64.0      2     75.5    20.5     21.5      True
 185  12-17   28.1      1     89.2    21.2     19.0      True
 186   None    6.5      0      0.4     0.0     None     False
 187   None   24.0      2     65.1     7.1      0.1      True
 188   None   58.9      1     82.0    16.6     12.2      True
 189   None   21.4      1     86.8    15.8     13.4      True
 190   None   38.7      1     87.1    19.2     16.4      True
 191   None   99.5      3    100.3    16.9     18.6      True
 192   None  161.7      3    100.3    24.6     17.2      True
 193   None   86.8      2     87.6    21.5     17.1      True
 194   None   26.7      1     73.8    21.6     18.0      True
 195   None   13.2      0      0.4     0.0     None     False
 196  12-17   48.8      1     62.8    16.8     15.3      True
 197  12-17   44.7      1     63.7    19.1     16.8      True
 198  12-17   39.3      1     86.2    20.8     18.9      True
 199  12-17   65.3      1     95.0    37.8      9.4      True
 200  12-17   23.3      1     70.9    19.4     18.6      True
 201  12-17  129.8      3    100.4    21.8     17.7      True
 202   None   31.1      1     67.6    17.2     20.0      True
 203  12-17   39.5      1     90.8    28.0     21.4      True
 204  12-17   32.4      1     80.4    25.3     18.6      True
 205  12-17   29.4      0      0.4     0.0     None     False
 206  12-17   72.6      3     89.4    18.3     17.5      True
 207  12-17   20.4      1     88.5    25.0     21.2      True
 208  12-17   49.5      3     92.7    16.6     19.6      True
 209  12-17   28.6      2    100.7    20.5     19.9      True
 210  12-17   25.4      1     99.6    20.2     18.5      True
 211   None   75.5      1     77.6    25.9     17.0      True
 212  12-17   38.6      1     65.5    26.5     15.6      True
 213  12-17   40.5      2     79.7    18.5     20.1      True
 214  12-17   40.1      1     67.6    23.0     16.0      True
 215  12-17   41.0      1     63.0    23.8     25.8      True
 216  12-17   32.3      1     71.8    25.4     20.0      True
 217  12-17   17.9      1     77.2    24.0     23.7      True
 218  12-17   19.6      1     84.4    24.4     21.7      True
 219  12-17   80.8      3     75.0    21.6     20.7      True
 220   None   55.5      1     66.3    22.1     17.9      True
 221   None   31.8      1     88.8    19.4     19.6      True
 222   None   53.3      1     90.2    17.3     16.1      True
 223   None   32.4      2     87.6    21.3     10.7      True
 224   None   22.1      1     66.8    18.2     15.8      True
 225   None   19.8      1     84.8    16.5     16.8      True
 226   None   25.6      1     66.2    17.2     17.8      True
 227   None   44.1      4     90.7    23.0     27.1      True
 228   None   12.3      0      0.4     0.0     None     False
 229   None   28.6      2     68.9    23.7     17.9      True
 230   None   30.7      1     73.6    18.2     20.5      True
 231   None   82.8      4     77.3    15.9     16.7      True
