per-source tape census, baselines/matched_v2

[dH] N=56 labels={'success': 56} rows=7002 p50=115 max=284 term_rows=56 trunc_rows=0 reward_sum=56.0 tipped_tapes=0 verify={'n/a': 56} r2d_n_double_grant=None
  |a| mean [0.124 0.086 0.145 0.165 0.119 0.078 0.748]  frac|a|>=0.9 [0.016 0.    0.022 0.061 0.014 0.002 0.501]  max [1.  0.9 1.  1.  1.  1.  1. ]
  state mean [ 0.1  -1.41  1.93 -1.64  1.75 -1.66  0.23  5.13  0.47 -0.    0.1   0.92
 -0.01 -0.01 -0.12  0.67 -0.22]
  state std  [0.42 0.11 0.24 0.5  0.22 0.11 0.26 8.   0.02 0.12 0.01 0.24 0.02 0.02
 0.27 0.   0.  ]
  state min  [-0.91 -1.66  1.14 -2.6   1.32 -2.22  0.    0.    0.39 -0.21  0.1  -0.96
 -0.08 -0.08 -1.    0.67 -0.22]
  state max  [ 0.95 -0.85  2.61 -0.26  2.28 -1.28  0.83 28.4   0.53  0.18  0.17  1.
  0.07  0.1   0.33  0.68 -0.22]

[dDP] N=56 labels={'success': 56} rows=6909 p50=114 max=233 term_rows=56 trunc_rows=0 reward_sum=56.0 tipped_tapes=0 verify={'pass': 56} r2d_n_double_grant=None
  |a| mean [0.117 0.109 0.128 0.153 0.119 0.064 0.751]  frac|a|>=0.9 [0.003 0.001 0.001 0.012 0.005 0.    0.482]  max [1.   1.   1.   1.   1.   0.86 1.  ]
  state mean [ 0.18 -1.38  1.91 -1.52  1.7  -1.65  0.25  5.76  0.48  0.    0.1   0.85
 -0.01 -0.01 -0.2   0.67 -0.22]
  state std  [0.42 0.16 0.23 0.45 0.21 0.08 0.27 7.77 0.02 0.12 0.01 0.37 0.02 0.02
 0.32 0.   0.  ]
  state min  [-0.77 -1.65  1.57 -2.5   1.31 -2.01  0.    0.    0.41 -0.22  0.1  -0.99
 -0.05 -0.07 -1.    0.67 -0.22]
  state max  [ 0.85 -0.84  2.61 -0.72  2.26 -1.39  0.66 25.77  0.53  0.18  0.18  1.
  0.08  0.04  0.11  0.68 -0.22]

[dHHfails] N=64 labels={'success': 56, 'fail': 8} rows=9147 p50=120 max=300 term_rows=57 trunc_rows=7 reward_sum=56.0 tipped_tapes=1 verify={'n/a': 64} r2d_n_double_grant=None
  |a| mean [0.125 0.084 0.185 0.164 0.116 0.081 0.781]  frac|a|>=0.9 [0.018 0.    0.066 0.061 0.013 0.003 0.566]  max [1. 1. 1. 1. 1. 1. 1.]
  state mean [ 0.09 -1.42  1.94 -1.6   1.78 -1.67  0.2   4.06  0.47 -0.02  0.1   0.94
 -0.01 -0.   -0.1   0.67 -0.22]
  state std  [0.4  0.11 0.28 0.59 0.23 0.15 0.26 7.38 0.03 0.13 0.01 0.22 0.02 0.02
 0.25 0.   0.  ]
  state min  [-0.91 -1.78  0.66 -2.6   1.32 -2.6   0.    0.    0.39 -0.27  0.1  -0.96
 -0.31 -0.08 -1.    0.67 -0.22]
  state max  [ 0.95 -0.75  2.61  0.24  2.29 -1.2   0.92 28.4   0.53  0.18  0.17  1.
  0.07  0.4   0.33  0.68 -0.22]

[dDPfails] N=64 labels={'success': 56, 'fail': 8} rows=9309 p50=122 max=300 term_rows=56 trunc_rows=8 reward_sum=56.0 tipped_tapes=0 verify={'pass': 56, 'n/a': 8} r2d_n_double_grant=None
  |a| mean [0.107 0.1   0.118 0.139 0.108 0.057 0.702]  frac|a|>=0.9 [0.003 0.001 0.001 0.011 0.005 0.    0.396]  max [1.   1.   1.   1.   1.   0.86 1.  ]
  state mean [ 0.12 -1.39  1.89 -1.57  1.71 -1.65  0.33  5.18  0.48 -0.02  0.1   0.88
 -0.01 -0.01 -0.12  0.67 -0.22]
  state std  [0.43 0.14 0.23 0.44 0.2  0.07 0.31 8.14 0.03 0.12 0.01 0.32 0.02 0.02
 0.32 0.   0.  ]
  state min  [-0.92 -1.65  1.57 -2.6   1.31 -2.01  0.    0.    0.41 -0.25  0.1  -0.99
 -0.05 -0.07 -1.    0.67 -0.22]
  state max  [ 0.85 -0.84  2.61 -0.72  2.26 -1.37  0.9  32.94  0.55  0.18  0.18  1.
  0.08  0.06  0.64  0.68 -0.22]

[dHsucc_dup] N=64 labels={'success': 64} rows=8757 p50=120 max=284 term_rows=64 trunc_rows=0 reward_sum=64.0 tipped_tapes=0 verify={'n/a': 64} r2d_n_double_grant=None
  |a| mean [0.127 0.082 0.137 0.172 0.115 0.082 0.752]  frac|a|>=0.9 [0.016 0.    0.018 0.068 0.012 0.002 0.507]  max [1.  0.9 1.  1.  1.  1.  1. ]
  state mean [ 0.12 -1.41  1.92 -1.62  1.74 -1.67  0.23  5.06  0.48  0.    0.1   0.91
 -0.01 -0.01 -0.14  0.67 -0.22]
  state std  [0.41 0.11 0.26 0.52 0.23 0.12 0.27 7.95 0.02 0.12 0.01 0.27 0.02 0.02
 0.28 0.   0.  ]
  state min  [-0.91 -1.66  1.14 -2.6   1.32 -2.22  0.    0.    0.39 -0.21  0.1  -0.96
 -0.08 -0.08 -1.    0.67 -0.22]
  state max  [ 0.95 -0.85  2.61 -0.26  2.28 -1.28  0.83 28.4   0.53  0.18  0.17  1.
  0.07  0.1   0.33  0.68 -0.22]

[dDPsucc_dup] N=64 labels={'success': 64} rows=8430 p50=122 max=233 term_rows=64 trunc_rows=0 reward_sum=64.0 tipped_tapes=0 verify={'pass': 64} r2d_n_double_grant=None
  |a| mean [0.112 0.103 0.122 0.146 0.113 0.062 0.75 ]  frac|a|>=0.9 [0.002 0.001 0.001 0.011 0.005 0.    0.478]  max [1.   1.   1.   1.   1.   0.86 1.  ]
  state mean [ 0.22 -1.38  1.89 -1.48  1.69 -1.65  0.26  5.88  0.48  0.02  0.1   0.83
 -0.01 -0.01 -0.21  0.67 -0.22]
  state std  [0.42 0.15 0.24 0.45 0.21 0.08 0.28 7.84 0.02 0.12 0.01 0.39 0.02 0.02
 0.33 0.   0.  ]
  state min  [-0.77 -1.65  1.57 -2.5   1.31 -2.01  0.    0.    0.41 -0.22  0.1  -0.99
 -0.05 -0.07 -1.    0.67 -0.22]
  state max  [ 0.85 -0.84  2.61 -0.72  2.26 -1.39  0.66 25.77  0.53  0.18  0.18  1.
  0.08  0.04  0.11  0.68 -0.22]
